9357332686
2247939808
9382604952
4585175241
7144331859
9847039477
4736626991
9122175063
8117957010
5634003461
4385784516
9794173254
5152782462
9907963045
8459973792
3608001264
2998894000
5277155010
5816958654
9954151195
8803043892
5007612931
4017372325
8847513663
6642172499
4192093855
5803409019
4267333605
2026976250
8467451111
6252107366
8473577381
5204207507
8569931962
8442937885
8209876289
3037661782
8577898961
6213458403
2998924760
8194807323
8243644687
7552777617
4253104244
2592329447
2204036684
2797637898
8373935920
3582400187
6979886181
9357332686
2247939808
9382604952
4585175241
7144331859
9847039477
4736626991
9122175063
8117957010
5634003461
4385784516
9794173254
5152782462
9907963045
8459973792
3608001264
2998894000
5277155010
5816958654
9954151195
8803043892
5007612931
4017372325
8847513663
6642172499
4192093855
5803409019
4267333605
2026976250
8467451111
6252107366
8473577381
5204207507
8569931962
8442937885
8209876289
3037661782
8577898961
6213458403
2998924760
8194807323
8243644687
7552777617
4253104244
2592329447
2204036684
2797637898
8373935920
3582400187
6979886181